QueueLength.txt
0.0	1.0
49.30901	1.0
140.81105	1.0
334.61339	1.0
974.38816	1.0
1027.70008	1.0
1613.32031	1.0
2102.142	1.0
2104.11544	1.0
2324.08042	1.0
2336.14415	1.0
2684.64964	1.0
2740.01349	1.0
2954.0927	1.0
3006.25721	1.0
3290.18614	1.0
4011.94136	1.0
4306.53343	1.0
4559.30982	1.0
4618.26716	1.0
4745.26656	1.0
4884.34988	1.0
4900.18271	1.0
5176.62531	1.0
5450.71481	1.0
5589.89966	1.0
5642.79268	1.0
5879.52774	1.0
6793.2787	1.0
6873.60353	1.0
7023.55872	1.0
7039.46467	1.0
7128.0532	1.0
7332.1091	1.0
7623.86896	1.0
8796.90313	2.0
8881.30432	2.0
8897.76364	2.0
9162.98522	2.0
9349.93586	2.0
9484.22785	1.0
9827.46095	3.0
9930.13762	2.0
10061.38531	2.0
10347.03699	3.0
10427.58402	3.0
10516.09209	2.0
10613.2114	2.0
11045.63445	4.0
11046.94107	3.0
11234.50205	3.0
11510.9115	3.0
11600.31765	2.0
11674.73013	1.0
12188.83088	3.0
12267.3363	3.0
12319.91507	3.0
12593.46837	3.0
12753.39036	2.0
12863.31534	1.0
13198.43134	1.0
13423.32733	1.0
13495.79805	1.0
13609.99439	1.0
14032.11996	5.0
14124.16328	4.0
14166.86206	3.0
14643.43128	2.0
14752.75438	1.0
14799.02672	1.0
15031.51421	2.0
15228.07187	3.0
15294.46558	4.0
15314.97685	3.0
15398.5838	2.0
15567.28171	4.0
15822.009	3.0
15926.67263	4.0
15976.73925	3.0
16102.92891	2.0
16218.91438	1.0
16378.16653	2.0
16505.19122	1.0
17110.22839	1.0
17424.47708	1.0
17925.03772	1.0
17999.95092	1.0
18046.03857	1.0
18322.38103	1.0
18595.78744	1.0
18734.07705	1.0
18852.37166	1.0
19173.76674	1.0
19881.67053	1.0
19950.34188	1.0
20402.14866	2.0
20514.53438	1.0
20609.40267	1.0
20673.95946	1.0
20942.52903	1.0
21127.85807	1.0
21220.62577	1.0
21790.30475	1.0
21950.78527	1.0
22331.14291	3.0
22623.09419	3.0
22920.82081	3.0
23183.77792	4.0
23251.88448	3.0
27240.47202	24.0
27877.96568	25.0
28143.29089	24.0
28405.22299	25.0
28700.93584	25.0
28982.80733	25.0
29053.87843	24.0
29245.17976	23.0
29731.94872	24.0
29924.61126	23.0
30285.72974	24.0
30485.16278	24.0
30908.24049	25.0
30931.12526	24.0
31047.62341	23.0
31070.79659	23.0
31488.73282	24.0
31522.48322	23.0
31644.87257	23.0
31659.73357	22.0
31917.34043	21.0
32034.72172	20.0
32112.03716	19.0
32218.36211	18.0
32525.83219	18.0
32626.05766	17.0
32726.22335	16.0
32782.28802	15.0
33104.74821	15.0
33207.80437	16.0
33305.45501	15.0
33366.03706	14.0
33622.39754	13.0
33635.85332	12.0
33815.44172	11.0
33897.88542	10.0
33953.82326	10.0
34160.8343	9.0
34224.63923	8.0
34344.07002	7.0
34556.87712	8.0
34763.74407	8.0
34831.1099	7.0
34986.64335	6.0
35096.64214	5.0
35392.67583	4.0
35443.4545	3.0
35574.07716	3.0
35676.19542	5.0
35947.23014	6.0
36023.66483	5.0
36149.20064	5.0
36228.11591	4.0
36702.17779	3.0
36734.30266	2.0
36847.80815	1.0
37287.53374	5.0
37346.21226	4.0
37411.58458	3.0
37561.1054	3.0
37976.74461	2.0
38022.75514	1.0
38369.80632	1.0
38552.89588	1.0
38704.93686	1.0
38917.62794	1.0
38976.80553	1.0
39372.8777	2.0
39601.52196	2.0
39628.46928	1.0
39901.01345	1.0
40463.72055	1.0
40596.97446	1.0
40770.7406	1.0
40881.78121	1.0
41123.48476	1.0
41379.22193	1.0
41440.00459	1.0
42080.68553	1.0
42333.3142	1.0
42367.65832	1.0
42648.33522	1.0
42913.84888	2.0
42925.34409	1.0
43534.25677	1.0
43538.70615	1.0
43800.59841	1.0
43833.34595	1.0
44559.11105	1.0
44661.39229	1.0
44701.29281	1.0
44901.88252	1.0
45398.10919	2.0
45443.9772	2.0
46018.10864	1.0
46707.49114	1.0
46726.085	1.0
47119.11118	1.0
47396.4261	2.0
47708.00484	1.0
48015.87634	3.0
48250.42212	4.0
48513.55378	3.0
48616.43112	3.0
48894.35391	5.0
49169.04545	7.0
49484.84185	9.0
49778.69233	10.0
50055.47686	10.0
50669.93174	12.0
51256.0813	12.0
51939.91746	14.0
52200.1511	13.0
52337.64431	12.0
52744.06973	13.0
52883.66908	12.0
53296.82725	12.0
53415.36038	12.0
53845.23252	12.0
54057.26156	13.0
54435.26491	14.0
54494.24122	13.0
54613.62323	12.0
55028.36953	13.0
55117.82606	13.0
55224.61281	12.0
55376.78242	13.0
55600.01675	13.0
55655.40185	13.0
55845.40674	13.0
55938.80858	12.0
56170.59692	13.0
56419.03932	14.0
56597.43006	15.0
56675.37437	14.0
56780.08551	13.0
57240.609	13.0
57366.20224	13.0
57516.19798	13.0
57539.75732	12.0
57645.25147	11.0
58105.04443	13.0
58134.94621	12.0
58318.32172	12.0
58366.69461	11.0
58418.77426	10.0
58624.33388	10.0
58894.89217	11.0
58996.6676	10.0
59276.44266	10.0
59516.23752	10.0
59876.35931	10.0
60096.20712	10.0
60160.71343	10.0
60422.65108	10.0
60648.62585	10.0
60926.65301	12.0
61047.62631	12.0
61330.07707	14.0
61544.87766	14.0
61589.23367	14.0
62146.07496	16.0
62183.49465	15.0
62771.40527	16.0
63387.61306	17.0
63662.84953	16.0
64283.82074	18.0
64369.3508	18.0
64865.75368	19.0
64952.00913	18.0
65496.15632	19.0
65536.26999	18.0
65821.00967	18.0
66061.48679	19.0
66134.15049	20.0
66326.94094	19.0
66421.56477	18.0
66440.57904	17.0
66703.26285	18.0
66908.54636	18.0
67013.30517	17.0
67310.12703	17.0
67463.95064	18.0
67645.71184	18.0
67730.13422	17.0
67947.5553	16.0
68290.97716	17.0
68314.69079	16.0
68560.09721	19.0
68873.56997	19.0
68884.8133	18.0
69237.60768	19.0
69485.78708	20.0
69502.69809	20.0
69612.62737	19.0
69904.846	19.0
70030.04534	18.0
70070.1728	17.0
70182.65157	16.0
70475.05301	16.0
70630.28034	16.0
70680.17668	16.0
70712.92738	15.0
70956.18659	16.0
71102.93097	15.0
71199.80054	14.0
71342.41606	14.0
71370.85621	13.0
71511.36471	12.0
71768.21153	12.0
71951.04206	11.0
71989.20112	11.0
72125.14758	11.0
72273.44598	10.0
72319.03283	10.0
72382.96583	9.0
72634.70561	11.0
72655.86374	10.0
72882.02618	11.0
72907.75514	10.0
72913.01321	9.0
72933.21254	9.0
73193.99572	8.0
73455.38269	7.0
73502.68141	6.0
73580.96771	5.0
74023.3895	5.0
74140.57127	6.0
74158.26194	5.0
74424.53991	4.0
74646.97598	4.0
74757.32768	4.0
75039.9802	3.0
75073.50076	2.0
75306.27207	1.0
75619.25256	1.0
76152.83318	1.0
76218.36115	3.0
76778.05962	5.0
76884.2256	4.0
77064.99656	4.0
77145.50299	5.0
77736.26899	10.0
78352.66962	10.0
78612.80739	11.0
79181.62338	12.0
79455.25224	13.0
80066.1146	16.0
80335.25244	18.0
80880.45581	17.0
80926.61578	16.0
81460.52347	16.0
81514.15459	15.0
81788.71591	17.0
82018.92965	18.0
82461.41254	20.0
82610.24342	19.0
82805.57358	20.0
83093.01261	20.0
83176.46162	19.0
83380.70929	18.0
83750.85147	20.0
83822.60343	20.0
83977.03426	19.0
84263.58393	20.0
84421.12802	19.0
84422.1091	18.0
84693.81706	17.0
84830.54548	17.0
84973.59361	16.0
84992.47509	15.0
85281.40795	14.0
85514.53577	14.0
85608.94232	13.0
85878.92537	12.0
86058.06524	11.0
86160.57536	11.0
86185.20296	10.0
86612.1971	10.0
86740.71185	9.0
86851.89289	8.0
86891.59983	7.0
87305.72203	6.0
87396.4724	6.0
87473.90334	5.0
87893.31205	6.0
87925.12158	5.0
88110.98099	4.0
88495.85721	5.0
88534.4483	4.0
88703.41711	4.0
88776.91466	4.0
89187.66944	4.0
89416.70206	4.0
89676.41174	3.0
89723.56548	2.0
